#----------------------------------------------------------------------
# Basis Set Exchange
# Version v0.8.13
# https://www.basissetexchange.org
#----------------------------------------------------------------------
#   Basis set: def2-TZVPD
# Description: def2-TZVPD
#        Role: orbital
#     Version: 1  (Data from Turbomole 7.3)
#----------------------------------------------------------------------


# Chlorine def2-TZVPD (15s,10p,4d,1f) -> [6s,6p,3d,1f]
Cl def2-TZVPD
    16
1 0 0 7 1
  69507.9909450              0.54314897497E-03
  10426.1568800              0.41990463961E-02
   2373.2334061              0.21592141679E-01
    671.56420071             0.84598850094E-01
    218.41999790             0.24757249724
     77.572249714            0.47016930228
     28.888815277            0.37436370716
1 0 0 3 1
    127.10527185             0.25182166603E-01
     39.339582961            0.10786112456
      7.6740679989          -0.27408821574
1 0 0 2 1
      3.8745627630           1.3213875014
      1.8385832573           0.68636955368
1 0 0 1 1
      0.50229057542          1.0000000
1 0 0 1 1
      0.17962723420          1.0000000
1 0 0 1 1
      0.61133095854E-01      1.0000000
1 1 1 5 1
    666.50423284             0.23632663836E-02
    157.64241690             0.18879300374E-01
     50.262520978            0.87206341273E-01
     18.536078105            0.25285612970
      7.2940532777           0.43507154820
1 1 1 1 1
      2.9433248995            .35026513165
1 1 1 1 1
      1.0404970818           1.0000000
1 1 1 1 1
      0.38456415080          1.0000000
1 1 1 1 1
      0.13069642732          1.0000000
1 1 1 1 1
      0.35381580722E-01      1.0000000
1 2 2 2 1
      4.61000000             0.20000000
      1.01100000             1.00000000
1 2 2 1 1
      0.339000000            1.0000000
1 2 2 1 1
      0.99601358790E-01      1.0000000
1 3 3 1 1
      0.706000000            1.0000000

# Titanium def2-TZVPD (17s,12p,7d,1f) -> [6s,5p,4d,1f]
Ti def2-TZVPD
    16
1 0 0 8 1
 211575.6902500              0.23318151011E-03
  31714.9450580              0.18079690851E-02
   7217.5476543              0.93984311352E-02
   2042.9394247              0.38156853618E-01
    665.12896208             0.12374757197
    238.74942264             0.29208551143
     92.508691001            0.41226800855
     36.403919209            0.21090534061
1 0 0 4 1
    232.72624607            -0.24920140738E-01
     71.791209711           -0.11746490087
     11.158534615            0.56503342318
      4.6548135416           0.56211101812
1 0 0 2 1
      6.8034629174          -0.23011425503
      1.1201076403           0.72103186735
1 0 0 1 1
      0.48080118839          1.0000000
1 0 0 1 1
      0.85157274977E-01      1.0000000
1 0 0 1 1
      0.32657477046E-01      1.0000000
1 1 1 6 1
   1063.1474732              0.24690839320E-02
    251.56507061             0.19773345523E-01
     80.408554854            0.90987976672E-01
     29.768193269            0.25559900413
     11.736830556            0.40489386764
      4.7142375230           0.23693402558
1 1 1 3 1
     17.796803704           -0.27878639615E-01
      2.4272698680           0.55672914668
      0.96823445537          1.0055447350
1 1 1 1 1
      0.37056694165          1.0000000
1 1 1 1 1
      0.1015610              1.0000000
1 1 1 1 1
      0.22796494396E-01      1.0000000
1 2 2 4 1
     37.713384723            0.11513835092E-01
     10.692931184            0.67246343996E-01
      3.6728446990           0.21484207775
      1.3588590303           0.38890892779
1 2 2 1 1
      0.49213295253           .43040835243
1 2 2 1 1
      0.16330520653           .23253305465
1 2 2 1 1
      0.0540000              1.0000000
1 3 3 1 1
      0.5620000              1.0000000

 
