#----------------------------------------------------------------------
# Basis Set Exchange
# Version v0.9
# https://www.basissetexchange.org
#----------------------------------------------------------------------
#   Basis set: pcseg-2
# Description: Segmented contracted version of the pc-2 basis
#        Role: orbital
#     Version: 1  (Data from Frank Jensen (2014))
#----------------------------------------------------------------------


# Hydrogen pcseg-2 (6s,2p,1d) -> [3s,2p,1d]
H pcseg-2
    6
1 0 0 4 1
      0.754732E+02           0.427821E-02
      0.113575E+02           0.328672E-01
      0.260081E+01           0.159578E+00
      0.735503E+00           0.500000E+00
1 0 0 1 1
      0.231761E+00           1.0000000
1 0 0 1 1
      0.741675E-01           1.0000000
1 1 1 1 1
      0.160000E+01           1.0000000
1 1 1 1 1
      0.450000E+00           1.0000000
1 2 2 1 1
      0.125000E+01           1.0000000

# Helium pcseg-2 (6s,2p,1d) -> [3s,2p,1d]
He pcseg-2
    6
1 0 0 4 1
      0.221782E+03           0.504144E-02
      0.333758E+02           0.381184E-01
      0.761157E+01           0.175609E+00
      0.210893E+01           0.500000E+00
1 0 0 1 1
      0.628783E+00           1.0000000
1 0 0 1 1
      0.184690E+00           1.0000000
1 1 1 1 1
      0.240000E+01           1.0000000
1 1 1 1 1
      0.680000E+00           1.0000000
1 2 2 1 1
      0.180000E+01           1.0000000

# Lithium pcseg-2 (11s,4p,1d) -> [4s,2p,1d]
Li pcseg-2
    7
1 0 0 7 1
      0.155855E+04           0.820882E-03
      0.233908E+03           0.633220E-02
      0.532801E+02           0.321400E-01
      0.150819E+02           0.119124E+00
      0.483549E+01           0.308154E+00
      0.165502E+01           0.500000E+00
      0.580558E+00           0.376030E+00
1 0 0 1 1
      0.684458E-01           1.0000000
1 0 0 2 1
      0.770933E+00          -0.847279E-01
      0.751972E-01           0.500000E+00
1 0 0 1 1
      0.257666E-01           1.0000000
1 1 1 3 1
      0.237235E+01           0.394733E-01
      0.468805E+00           0.203928E+00
      0.127393E+00           0.500000E+00
1 1 1 1 1
      0.348095E-01           1.0000000
1 2 2 1 1
      0.260000E+00           1.0000000

# Beryllium pcseg-2 (11s,4p,1d) -> [4s,2p,1d]
Be pcseg-2
    7
1 0 0 7 1
      0.294475E+04           0.773431E-03
      0.441879E+03           0.596942E-02
      0.100624E+03           0.304024E-01
      0.284712E+02           0.114358E+00
      0.914444E+01           0.305833E+00
      0.317664E+01           0.500000E+00
      0.112275E+01           0.347539E+00
1 0 0 2 1
      0.192303E+01          -0.886331E-01
      0.191413E+00           0.500000E+00
1 0 0 1 1
      0.833307E-01           1.0000000
1 0 0 1 1
      0.374215E-01           1.0000000
1 1 1 3 1
      0.372379E+01           0.406783E-01
      0.752088E+00           0.210745E+00
      0.204375E+00           0.500000E+00
1 1 1 1 1
      0.548729E-01           1.0000000
1 2 2 1 1
      0.390000E+00           1.0000000

# Boron pcseg-2 (11s,6p,2d,1f) -> [4s,3p,2d,1f]
B pcseg-2
    10
1 0 0 7 1
      0.491006E+04           0.719963E-03
      0.736668E+03           0.555998E-02
      0.167722E+03           0.283969E-01
      0.474653E+02           0.107966E+00
      0.152998E+02           0.295582E+00
      0.535059E+01           0.500000E+00
      0.191018E+01           0.356938E+00
1 0 0 2 1
      0.336487E+01          -0.927184E-01
      0.351154E+00           0.500000E+00
1 0 0 1 1
      0.147529E+00           1.0000000
1 0 0 1 1
      0.631265E-01           1.0000000
1 1 1 4 1
      0.219892E+02           0.807954E-02
      0.493853E+01           0.573813E-01
      0.141047E+01           0.215067E+00
      0.480433E+00           0.500000E+00
1 1 1 1 1
      0.165050E+00           1.0000000
1 1 1 1 1
      0.542186E-01           1.0000000
1 2 2 1 1
      0.105000E+01           1.0000000
1 2 2 1 1
      0.350000E+00           1.0000000
1 3 3 1 1
      0.870000E+00           1.0000000

# Carbon pcseg-2 (11s,6p,2d,1f) -> [4s,3p,2d,1f]
C pcseg-2
    10
1 0 0 7 1
      0.731999E+04           0.695369E-03
      0.109818E+04           0.537138E-02
      0.250014E+03           0.274734E-01
      0.707586E+02           0.105078E+00
      0.228595E+02           0.291262E+00
      0.803936E+01           0.500000E+00
      0.289309E+01           0.362224E+00
1 0 0 2 1
      0.521640E+01          -0.957844E-01
      0.556124E+00           0.500000E+00
1 0 0 1 1
      0.228813E+00           1.0000000
1 0 0 1 1
      0.936338E-01           1.0000000
1 1 1 4 1
      0.339855E+02           0.818395E-02
      0.772957E+01           0.586921E-01
      0.224954E+01           0.222514E+00
      0.767681E+00           0.500000E+00
1 1 1 1 1
      0.263283E+00           1.0000000
1 1 1 1 1
      0.848744E-01           1.0000000
1 2 2 1 1
      0.140000E+01           1.0000000
1 2 2 1 1
      0.450000E+00           1.0000000
1 3 3 1 1
      0.950000E+00           1.0000000

# Nitrogen pcseg-2 (11s,6p,2d,1f) -> [4s,3p,2d,1f]
N pcseg-2
    10
1 0 0 7 1
      0.101643E+05           0.682757E-03
      0.152481E+04           0.527488E-02
      0.347119E+03           0.270037E-01
      0.982389E+02           0.103673E+00
      0.317799E+02           0.289575E+00
      0.112240E+02           0.500000E+00
      0.406611E+01           0.364621E+00
1 0 0 2 1
      0.747898E+01          -0.975681E-01
      0.805040E+00           0.500000E+00
1 0 0 1 1
      0.324626E+00           1.0000000
1 0 0 1 1
      0.128132E+00           1.0000000
1 1 1 4 1
      0.482704E+02           0.829547E-02
      0.110815E+02           0.596223E-01
      0.326643E+01           0.227889E+00
      0.111680E+01           0.500000E+00
1 1 1 1 1
      0.382049E+00           1.0000000
1 1 1 1 1
      0.121222E+00           1.0000000
1 2 2 1 1
      0.180000E+01           1.0000000
1 2 2 1 1
      0.550000E+00           1.0000000
1 3 3 1 1
      0.102000E+01           1.0000000

# Oxygen pcseg-2 (11s,6p,2d,1f) -> [4s,3p,2d,1f]
O pcseg-2
    10
1 0 0 7 1
      0.135887E+05           0.665492E-03
      0.203847E+04           0.514222E-02
      0.464041E+03           0.263472E-01
      0.131339E+03           0.101500E+00
      0.425340E+02           0.285877E+00
      0.150429E+02           0.500000E+00
      0.546616E+01           0.368211E+00
1 0 0 2 1
      0.100915E+02          -0.100084E+00
      0.110429E+01           0.500000E+00
1 0 0 1 1
      0.448082E+00           1.0000000
1 0 0 1 1
      0.175325E+00           1.0000000
1 1 1 4 1
      0.608220E+02           0.908253E-02
      0.140332E+02           0.645878E-01
      0.418244E+01           0.241502E+00
      0.142490E+01           0.500000E+00
1 1 1 1 1
      0.478741E+00           1.0000000
1 1 1 1 1
      0.146257E+00           1.0000000
1 2 2 1 1
      0.220000E+01           1.0000000
1 2 2 1 1
      0.650000E+00           1.0000000
1 3 3 1 1
      0.110000E+01           1.0000000

# Fluorine pcseg-2 (11s,6p,2d,1f) -> [4s,3p,2d,1f]
F pcseg-2
    10
1 0 0 7 1
      0.174507E+05           0.655972E-03
      0.261768E+04           0.506944E-02
      0.595857E+03           0.259899E-01
      0.168651E+03           0.100353E+00
      0.546654E+02           0.284095E+00
      0.193717E+02           0.500000E+00
      0.706202E+01           0.370721E+00
1 0 0 2 1
      0.131197E+02          -0.101997E+00
      0.145046E+01           0.500000E+00
1 0 0 1 1
      0.588255E+00           1.0000000
1 0 0 1 1
      0.227960E+00           1.0000000
1 1 1 4 1
      0.779407E+02           0.931135E-02
      0.180425E+02           0.663964E-01
      0.542342E+01           0.246386E+00
      0.184876E+01           0.500000E+00
1 1 1 1 1
      0.617455E+00           1.0000000
1 1 1 1 1
      0.185496E+00           1.0000000
1 2 2 1 1
      0.280000E+01           1.0000000
1 2 2 1 1
      0.800000E+00           1.0000000
1 3 3 1 1
      0.120000E+01           1.0000000

# Neon pcseg-2 (11s,6p,2d,1f) -> [4s,3p,2d,1f]
Ne pcseg-2
    10
1 0 0 7 1
      0.217224E+05           0.651348E-03
      0.325842E+04           0.503391E-02
      0.741722E+03           0.258151E-01
      0.209944E+03           0.998321E-01
      0.680916E+02           0.283541E+00
      0.241760E+02           0.500000E+00
      0.884214E+01           0.371672E+00
1 0 0 2 1
      0.165667E+02          -0.102833E+00
      0.183862E+01           0.500000E+00
1 0 0 1 1
      0.740431E+00           1.0000000
1 0 0 1 1
      0.283937E+00           1.0000000
1 1 1 4 1
      0.973358E+02           0.945185E-02
      0.226052E+02           0.674728E-01
      0.683524E+01           0.249630E+00
      0.233071E+01           0.500000E+00
1 1 1 1 1
      0.775470E+00           1.0000000
1 1 1 1 1
      0.230572E+00           1.0000000
1 2 2 1 1
      0.300000E+01           1.0000000
1 2 2 1 1
      0.850000E+00           1.0000000
1 3 3 1 1
      0.130000E+01           1.0000000

# Sodium pcseg-2 (15s,9p,1d) -> [5s,3p,1d]
Na pcseg-2
    9
1 0 0 8 1
      0.570255E+05           0.257591E-03
      0.854710E+04           0.199792E-02
      0.194516E+04           0.103946E-01
      0.550737E+03           0.422553E-01
      0.179362E+03           0.137082E+00
      0.643703E+02           0.329261E+00
      0.247211E+02           0.500000E+00
      0.962704E+01           0.312399E+00
1 0 0 3 1
      0.547955E+02          -0.274204E-01
      0.162859E+02          -0.124741E+00
      0.249115E+01           0.500000E+00
1 0 0 2 1
      0.102140E+01           0.500000E+00
      0.414410E+00           0.217447E+00
1 0 0 1 1
      0.626192E-01           1.0000000
1 0 0 1 1
      0.223001E-01           1.0000000
1 1 1 7 1
      0.230133E+03           0.336899E-02
      0.541082E+02           0.261720E-01
      0.173774E+02           0.110467E+00
      0.630965E+01           0.307494E+00
      0.240664E+01           0.505540E+00
      0.901852E+00           0.500000E+00
      0.314401E+00           0.218440E+00
1 1 1 1 1
      0.121000E+00           1.0000000
1 1 1 1 1
      0.390000E-01           1.0000000
1 2 2 1 1
      0.240000E+00           1.0000000

# Magnesium pcseg-2 (15s,9p,1d) -> [5s,3p,1d]
Mg pcseg-2
    9
1 0 0 8 1
      0.696037E+05           0.249938E-03
      0.104340E+05           0.193826E-02
      0.237475E+04           0.100873E-01
      0.672334E+03           0.410647E-01
      0.218958E+03           0.133776E+00
      0.786250E+02           0.323983E+00
      0.302141E+02           0.500000E+00
      0.117909E+02           0.321048E+00
1 0 0 3 1
      0.650711E+02          -0.303312E-01
      0.194626E+02          -0.136074E+00
      0.312938E+01           0.500000E+00
1 0 0 2 1
      0.137154E+01           0.500000E+00
      0.593539E+00           0.251494E+00
1 0 0 1 1
      0.115034E+00           1.0000000
1 0 0 1 1
      0.403001E-01           1.0000000
1 1 1 7 1
      0.308909E+03           0.287113E-02
      0.728662E+02           0.225671E-01
      0.234913E+02           0.986025E-01
      0.856264E+01           0.285692E+00
      0.330686E+01           0.494702E+00
      0.126930E+01           0.500000E+00
      0.461127E+00           0.204239E+00
1 1 1 1 1
      0.177000E+00           1.0000000
1 1 1 1 1
      0.570000E-01           1.0000000
1 2 2 1 1
      0.300000E+00           1.0000000

# Aluminium pcseg-2 (15s,11p,2d,1f) -> [5s,4p,2d,1f]
Al pcseg-2
    12
1 0 0 8 1
      0.839008E+05           0.242171E-03
      0.125769E+05           0.187813E-02
      0.286262E+04           0.977638E-02
      0.810575E+03           0.398378E-01
      0.264080E+03           0.130219E+00
      0.949196E+02           0.318122E+00
      0.364975E+02           0.500000E+00
      0.142821E+02           0.331616E+00
1 0 0 3 1
      0.760827E+02          -0.355982E-01
      0.228710E+02          -0.157455E+00
      0.392618E+01           0.500000E+00
1 0 0 2 1
      0.185485E+01           0.500000E+00
      0.827583E+00           0.302771E+00
1 0 0 1 1
      0.180478E+00           1.0000000
1 0 0 1 1
      0.638999E-01           1.0000000
1 1 1 7 1
      0.576213E+03           0.132187E-02
      0.136705E+03           0.108113E-01
      0.437989E+02           0.539925E-01
      0.160383E+02           0.176991E+00
      0.643523E+01           0.377687E+00
      0.264221E+01           0.500000E+00
      0.106841E+01           0.352071E+00
1 1 1 2 1
      0.458274E+01          -0.162529E-01
      0.390489E+00           0.500000E+00
1 1 1 1 1
      0.133161E+00           1.0000000
1 1 1 1 1
      0.418671E-01           1.0000000
1 2 2 1 1
      0.147000E+01           1.0000000
1 2 2 1 1
      0.330000E+00           1.0000000
1 3 3 1 1
      0.480000E+00           1.0000000

# Silicon pcseg-2 (15s,11p,2d,1f) -> [5s,4p,2d,1f]
Si pcseg-2
    12
1 0 0 8 1
      0.996133E+05           0.235546E-03
      0.149311E+05           0.182707E-02
      0.339820E+04           0.951425E-02
      0.962140E+03           0.388172E-01
      0.313430E+03           0.127328E+00
      0.112683E+03           0.313522E+00
      0.433372E+02           0.500000E+00
      0.170029E+02           0.340347E+00
1 0 0 3 1
      0.884208E+02          -0.404451E-01
      0.266756E+02          -0.178059E+00
      0.479640E+01           0.500000E+00
1 0 0 2 1
      0.239385E+01           0.500000E+00
      0.108333E+01           0.338016E+00
1 0 0 1 1
      0.252420E+00           1.0000000
1 0 0 1 1
      0.891210E-01           1.0000000
1 1 1 7 1
      0.709901E+03           0.123028E-02
      0.168426E+03           0.101366E-01
      0.539946E+02           0.511840E-01
      0.198646E+02           0.169967E+00
      0.801369E+01           0.370717E+00
      0.331870E+01           0.500000E+00
      0.136112E+01           0.344128E+00
1 1 1 2 1
      0.622158E+01          -0.166609E-01
      0.503049E+00           0.500000E+00
1 1 1 1 1
      0.179848E+00           1.0000000
1 1 1 1 1
      0.591912E-01           1.0000000
1 2 2 1 1
      0.168000E+01           1.0000000
1 2 2 1 1
      0.380000E+00           1.0000000
1 3 3 1 1
      0.540000E+00           1.0000000

# Phosphorus pcseg-2 (15s,11p,2d,1f) -> [5s,4p,2d,1f]
P pcseg-2
    12
1 0 0 8 1
      0.116416E+06           0.230715E-03
      0.174500E+05           0.178960E-02
      0.397149E+04           0.932116E-02
      0.112447E+04           0.380591E-01
      0.366347E+03           0.125148E+00
      0.131757E+03           0.310022E+00
      0.506988E+02           0.500000E+00
      0.199436E+02           0.347528E+00
1 0 0 3 1
      0.101878E+03          -0.446755E-01
      0.308249E+02          -0.196376E+00
      0.573688E+01           0.500000E+00
1 0 0 2 1
      0.296868E+01           0.500000E+00
      0.135315E+01           0.355098E+00
1 0 0 1 1
      0.332196E+00           1.0000000
1 0 0 1 1
      0.116229E+00           1.0000000
1 1 1 7 1
      0.873928E+03           0.112375E-02
      0.207298E+03           0.933330E-02
      0.664628E+02           0.477213E-01
      0.245665E+02           0.160733E+00
      0.996820E+01           0.359760E+00
      0.416536E+01           0.500000E+00
      0.173022E+01           0.346593E+00
1 1 1 2 1
      0.772530E+01          -0.175718E-01
      0.657252E+00           0.500000E+00
1 1 1 1 1
      0.239903E+00           1.0000000
1 1 1 1 1
      0.800988E-01           1.0000000
1 2 2 1 1
      0.189000E+01           1.0000000
1 2 2 1 1
      0.430000E+00           1.0000000
1 3 3 1 1
      0.600000E+00           1.0000000

# Sulfur pcseg-2 (15s,11p,2d,1f) -> [5s,4p,2d,1f]
S pcseg-2
    12
1 0 0 8 1
      0.134700E+06           0.226231E-03
      0.201904E+05           0.175488E-02
      0.459528E+04           0.914190E-02
      0.130109E+04           0.373551E-01
      0.423902E+03           0.123121E+00
      0.152485E+03           0.306801E+00
      0.586925E+02           0.500000E+00
      0.231461E+02           0.354358E+00
1 0 0 3 1
      0.116327E+03          -0.491772E-01
      0.352841E+02          -0.215962E+00
      0.677831E+01           0.500000E+00
1 0 0 2 1
      0.360404E+01           0.500000E+00
      0.164871E+01           0.366278E+00
1 0 0 1 1
      0.421821E+00           1.0000000
1 0 0 1 1
      0.147554E+00           1.0000000
1 1 1 7 1
      0.104863E+04           0.105273E-02
      0.248717E+03           0.879338E-02
      0.797887E+02           0.453358E-01
      0.296023E+02           0.154476E+00
      0.120627E+02           0.352366E+00
      0.507628E+01           0.500000E+00
      0.213375E+01           0.346429E+00
1 1 1 2 1
      0.928958E+01          -0.185932E-01
      0.837819E+00           0.500000E+00
1 1 1 1 1
      0.301495E+00           1.0000000
1 1 1 1 1
      0.974740E-01           1.0000000
1 2 2 1 1
      0.210000E+01           1.0000000
1 2 2 1 1
      0.480000E+00           1.0000000
1 3 3 1 1
      0.660000E+00           1.0000000

# Chlorine pcseg-2 (15s,11p,2d,1f) -> [5s,4p,2d,1f]
Cl pcseg-2
    12
1 0 0 8 1
      0.154272E+06           0.222473E-03
      0.231232E+05           0.172590E-02
      0.526257E+04           0.899286E-02
      0.148995E+04           0.367724E-01
      0.485417E+03           0.121446E+00
      0.174634E+03           0.304148E+00
      0.672393E+02           0.500000E+00
      0.265780E+02           0.360252E+00
1 0 0 3 1
      0.131826E+03          -0.531330E-01
      0.400703E+02          -0.233346E+00
      0.789448E+01           0.500000E+00
1 0 0 2 1
      0.427711E+01           0.500000E+00
      0.196233E+01           0.370517E+00
1 0 0 1 1
      0.520793E+00           1.0000000
1 0 0 1 1
      0.181633E+00           1.0000000
1 1 1 7 1
      0.124440E+04           0.988206E-03
      0.295109E+03           0.829674E-02
      0.947224E+02           0.430906E-01
      0.352588E+02           0.148443E+00
      0.144211E+02           0.344744E+00
      0.610371E+01           0.500000E+00
      0.258886E+01           0.348278E+00
1 1 1 2 1
      0.109447E+02          -0.196768E-01
      0.104413E+01           0.500000E+00
1 1 1 1 1
      0.376184E+00           1.0000000
1 1 1 1 1
      0.120613E+00           1.0000000
1 2 2 1 1
      0.231000E+01           1.0000000
1 2 2 1 1
      0.520000E+00           1.0000000
1 3 3 1 1
      0.720000E+00           1.0000000

# Argon pcseg-2 (15s,11p,2d,1f) -> [5s,4p,2d,1f]
Ar pcseg-2
    12
1 0 0 8 1
      0.175137E+06           0.219259E-03
      0.262511E+05           0.170097E-02
      0.597452E+04           0.886404E-02
      0.169157E+04           0.362630E-01
      0.551142E+03           0.119964E+00
      0.198307E+03           0.301800E+00
      0.763750E+02           0.500000E+00
      0.302538E+02           0.365614E+00
1 0 0 3 1
      0.148283E+03          -0.568620E-01
      0.451591E+02          -0.249693E+00
      0.910015E+01           0.500000E+00
1 0 0 2 1
      0.499086E+01           0.500000E+00
      0.229346E+01           0.369638E+00
1 0 0 1 1
      0.628631E+00           1.0000000
1 0 0 1 1
      0.218001E+00           1.0000000
1 1 1 7 1
      0.145363E+04           0.938521E-03
      0.344725E+03           0.790992E-02
      0.110728E+03           0.413060E-01
      0.413308E+02           0.143629E+00
      0.169589E+02           0.338309E+00
      0.721074E+01           0.500000E+00
      0.307788E+01           0.349376E+00
1 1 1 2 1
      0.127445E+02          -0.204792E-01
      0.126589E+01           0.500000E+00
1 1 1 1 1
      0.457325E+00           1.0000000
1 1 1 1 1
      0.146322E+00           1.0000000
1 2 2 1 1
      0.252000E+01           1.0000000
1 2 2 1 1
      0.570000E+00           1.0000000
1 3 3 1 1
      0.780000E+00           1.0000000

# Potassium pcseg-2 (19s,14p,5d) -> [6s,4p,3d]
K pcseg-2
    13
1 0 0 10 1
      0.644867E+06           0.581413E-04
      0.966213E+05           0.451700E-03
      0.219928E+05           0.236957E-02
      0.622966E+04           0.992121E-02
      0.203222E+04           0.351840E-01
      0.733520E+03           0.106509E+00
      0.286219E+03           0.262413E+00
      0.116889E+03           0.488396E+00
      0.494284E+02           0.500000E+00
      0.213657E+02           0.174582E+00
1 0 0 4 1
      0.178609E+03          -0.202773E-01
      0.538372E+02          -0.989686E-01
      0.787012E+01           0.500000E+00
      0.312173E+01           0.501996E+00
1 0 0 2 1
      0.476697E+01          -0.140008E+00
      0.707985E+00           0.500000E+00
1 0 0 1 1
      0.278690E+00           1.0000000
1 0 0 1 1
      0.473858E-01           1.0000000
1 0 0 1 1
      0.187717E-01           1.0000000
1 1 1 8 1
      0.216505E+04           0.667716E-03
      0.512883E+03           0.574192E-02
      0.164970E+03           0.307875E-01
      0.626593E+02           0.111673E+00
      0.260790E+02           0.294532E+00
      0.113621E+02           0.507640E+00
      0.510959E+01           0.500000E+00
      0.224049E+01           0.197319E+00
1 1 1 4 1
      0.135242E+02          -0.150961E-01
      0.176313E+01           0.239761E+00
      0.799503E+00           0.500000E+00
      0.349973E+00           0.449647E+00
1 1 1 1 1
      0.143463E+00           1.0000000
1 1 1 1 1
      0.404000E-01           1.0000000
1 2 2 3 1
      0.103178E+02           0.547646E-01
      0.268886E+01           0.236314E+00
      0.829610E+00           0.500000E+00
1 2 2 1 1
      0.238395E+00           1.0000000
1 2 2 1 1
      0.622820E-01           1.0000000

# Calcium pcseg-2 (19s,14p,5d) -> [6s,4p,3d]
Ca pcseg-2
    13
1 0 0 10 1
      0.720395E+06           0.575164E-04
      0.107938E+06           0.446824E-03
      0.245703E+05           0.234380E-02
      0.696031E+04           0.981319E-02
      0.227077E+04           0.348089E-01
      0.819657E+03           0.105484E+00
      0.319823E+03           0.260558E+00
      0.130583E+03           0.486476E+00
      0.553052E+02           0.500000E+00
      0.239765E+02           0.177349E+00
1 0 0 4 1
      0.197312E+03          -0.208439E-01
      0.596728E+02          -0.100875E+00
      0.890338E+01           0.500000E+00
      0.358443E+01           0.508309E+00
1 0 0 2 1
      0.544530E+01          -0.144098E+00
      0.846321E+00           0.500000E+00
1 0 0 1 1
      0.354132E+00           1.0000000
1 0 0 1 1
      0.779382E-01           1.0000000
1 0 0 1 1
      0.300109E-01           1.0000000
1 1 1 8 1
      0.250573E+04           0.624240E-03
      0.593538E+03           0.538210E-02
      0.191110E+03           0.289490E-01
      0.727089E+02           0.106090E+00
      0.303004E+02           0.283963E+00
      0.132416E+02           0.497946E+00
      0.598823E+01           0.500000E+00
      0.264558E+01           0.202389E+00
1 1 1 4 1
      0.153883E+02          -0.164739E-01
      0.208144E+01           0.247930E+00
      0.978121E+00           0.500000E+00
      0.448888E+00           0.442743E+00
1 1 1 1 1
      0.192527E+00           1.0000000
1 1 1 1 1
      0.541000E-01           1.0000000
1 2 2 3 1
      0.132089E+02           0.502008E-01
      0.350108E+01           0.226143E+00
      0.110007E+01           0.500000E+00
1 2 2 1 1
      0.327669E+00           1.0000000
1 2 2 1 1
      0.878047E-01           1.0000000


