# Aluminium pcseg-2 (15s,11p,2d,1f) -> [5s,4p,2d,1f]
Al pcseg-2
    12
1 0 0 8 1
      0.839008E+05           0.242171E-03
      0.125769E+05           0.187813E-02
      0.286262E+04           0.977638E-02
      0.810575E+03           0.398378E-01
      0.264080E+03           0.130219E+00
      0.949196E+02           0.318122E+00
      0.364975E+02           0.500000E+00
      0.142821E+02           0.331616E+00
1 0 0 3 1
      0.760827E+02          -0.355982E-01
      0.228710E+02          -0.157455E+00
      0.392618E+01           0.500000E+00
1 0 0 2 1
      0.185485E+01           0.500000E+00
      0.827583E+00           0.302771E+00
1 0 0 1 1
      0.180478E+00           1.0000000
1 0 0 1 1
      0.638999E-01           1.0000000
1 1 1 7 1
      0.576213E+03           0.132187E-02
      0.136705E+03           0.108113E-01
      0.437989E+02           0.539925E-01
      0.160383E+02           0.176991E+00
      0.643523E+01           0.377687E+00
      0.264221E+01           0.500000E+00
      0.106841E+01           0.352071E+00
1 1 1 2 1
      0.458274E+01          -0.162529E-01
      0.390489E+00           0.500000E+00
1 1 1 1 1
      0.133161E+00           1.0000000
1 1 1 1 1
      0.418671E-01           1.0000000
1 2 2 1 1
      0.147000E+01           1.0000000
1 2 2 1 1
      0.330000E+00           1.0000000
1 3 3 1 1
      0.480000E+00           1.0000000


# Aluminium admm-2 (7s,6p,1d) -> [5s,4p,1d]
Al admm-2
    3
1 0 0 7 5
      0.567817E+03           0.779615E-01           0.000000E+00           0.000000E+00           0.000000E+00           0.000000E+00
      0.959384E+02           0.350507E+00           0.000000E+00           0.000000E+00           0.000000E+00           0.000000E+00
      0.233449E+02           0.500000E+00           0.000000E+00           0.000000E+00           0.000000E+00           0.000000E+00
      0.273247E+01           0.000000E+00           0.100000E+01           0.000000E+00           0.000000E+00           0.000000E+00
      0.101491E+01           0.000000E+00           0.000000E+00           0.100000E+01           0.000000E+00           0.000000E+00
      0.193698E+00           0.000000E+00           0.000000E+00           0.000000E+00           0.100000E+01           0.000000E+00
      0.673672E-01           0.000000E+00           0.000000E+00           0.000000E+00           0.000000E+00           0.100000E+01
1 1 1 6 4
      0.484776E+02           0.607924E-01           0.000000E+00           0.000000E+00           0.000000E+00
      0.110943E+02           0.280569E+00           0.000000E+00           0.000000E+00           0.000000E+00
      0.342896E+01           0.500000E+00           0.000000E+00           0.000000E+00           0.000000E+00
      0.108757E+01           0.000000E+00           0.100000E+01           0.000000E+00           0.000000E+00
      0.180276E+00           0.000000E+00           0.000000E+00           0.100000E+01           0.000000E+00
      0.501679E-01           0.000000E+00           0.000000E+00           0.000000E+00           0.100000E+01
1 2 2 1 1
      0.400000E+00           1.0000000
