#----------------------------------------------------------------------
# Basis Set Exchange
# Version 0.10
# https://www.basissetexchange.org
#----------------------------------------------------------------------
#   Basis set: aug-cc-pVTZ-RIFIT
# Description: RI Fitting basis for use with aug-cc-pVTZ
#        Role: rifit
#     Version: 1  (Data from Turbomole 7.3)
#----------------------------------------------------------------------


# Hydrogen aug-cc-pVTZ-RIFIT (5s,4p,3d,2f) -> [5s,4p,3d,2f]
H aug-cc-pVTZ-RIFIT
    14
1 0 0 1 1
      8.5128275910           1.0000000
1 0 0 1 1
      1.8730891166           1.0000000
1 0 0 1 1
      0.52618426941          1.0000000
1 0 0 1 1
      0.28973989936          1.0000000
1 0 0 1 1
      0.12719436063          1.0000000
1 1 1 1 1
      2.3725491635           1.0000000
1 1 1 1 1
      1.1804084468           1.0000000
1 1 1 1 1
      0.60382204241          1.0000000
1 1 1 1 1
      0.23551289521          1.0000000
1 2 2 1 1
      1.8096373189           1.0000000
1 2 2 1 1
      1.1439726055           1.0000000
1 2 2 1 1
      0.43665405053          1.0000000
1 3 3 1 1
      1.8063060576           1.0000000
1 3 3 1 1
      0.25297787763          1.0000000

# Carbon aug-cc-pVTZ-RIFIT (9s,7p,6d,4f,2g) -> [9s,7p,6d,4f,2g]
C aug-cc-pVTZ-RIFIT
    28
1 0 0 1 1
    280.55661188             1.0000000
1 0 0 1 1
     60.230247191            1.0000000
1 0 0 1 1
     22.116650824            1.0000000
1 0 0 1 1
      6.8620932896           1.0000000
1 0 0 1 1
      1.5622549539           1.0000000
1 0 0 1 1
      0.91245045495          1.0000000
1 0 0 1 1
      0.50274917044          1.0000000
1 0 0 1 1
      0.21582348749          1.0000000
1 0 0 1 1
      0.10153627861          1.0000000
1 1 1 1 1
     24.231865176            1.0000000
1 1 1 1 1
      6.4764514185           1.0000000
1 1 1 1 1
      2.1290884677           1.0000000
1 1 1 1 1
      1.0375639746           1.0000000
1 1 1 1 1
      0.54941275046          1.0000000
1 1 1 1 1
      0.28152652231          1.0000000
1 1 1 1 1
      0.11505954436          1.0000000
1 2 2 1 1
      9.7189810815           1.0000000
1 2 2 1 1
      3.0351475003           1.0000000
1 2 2 1 1
      1.4677737562           1.0000000
1 2 2 1 1
      0.57370827909          1.0000000
1 2 2 1 1
      0.29055589668          1.0000000
1 2 2 1 1
      0.14890456005          1.0000000
1 3 3 1 1
      2.2756201303           1.0000000
1 3 3 1 1
      1.1968898852           1.0000000
1 3 3 1 1
      0.54157487216          1.0000000
1 3 3 1 1
      0.20179277037          1.0000000
1 4 4 1 1
      1.2166101638           1.0000000
1 4 4 1 1
      0.43599752945          1.0000000

# Nitrogen aug-cc-pVTZ-RIFIT (9s,7p,6d,4f,2g) -> [9s,7p,6d,4f,2g]
N aug-cc-pVTZ-RIFIT
    28
1 0 0 1 1
    287.50926947             1.0000000
1 0 0 1 1
     64.276030898            1.0000000
1 0 0 1 1
     21.681924016            1.0000000
1 0 0 1 1
      7.9068743193           1.0000000
1 0 0 1 1
      2.4319673913           1.0000000
1 0 0 1 1
      1.2226681474           1.0000000
1 0 0 1 1
      0.76674827356          1.0000000
1 0 0 1 1
      0.31158846994          1.0000000
1 0 0 1 1
      0.10109736226          1.0000000
1 1 1 1 1
     34.965027371            1.0000000
1 1 1 1 1
     10.323896648            1.0000000
1 1 1 1 1
      2.8981582643           1.0000000
1 1 1 1 1
      1.4077404555           1.0000000
1 1 1 1 1
      0.85083386536          1.0000000
1 1 1 1 1
      0.37353274145          1.0000000
1 1 1 1 1
      0.14810183674          1.0000000
1 2 2 1 1
     13.908637089            1.0000000
1 2 2 1 1
      4.5847232531           1.0000000
1 2 2 1 1
      2.2101848651           1.0000000
1 2 2 1 1
      0.83768301209          1.0000000
1 2 2 1 1
      0.41948375608          1.0000000
1 2 2 1 1
      0.13410649139          1.0000000
1 3 3 1 1
      3.4730665788           1.0000000
1 3 3 1 1
      1.5589463548           1.0000000
1 3 3 1 1
      0.84677638239          1.0000000
1 3 3 1 1
      0.28858743337          1.0000000
1 4 4 1 1
      1.7764066281           1.0000000
1 4 4 1 1
      0.59981188305          1.0000000

# Oxygen aug-cc-pVTZ-RIFIT (9s,7p,6d,4f,2g) -> [9s,7p,6d,4f,2g]
O aug-cc-pVTZ-RIFIT
    28
1 0 0 1 1
    366.54531503             1.0000000
1 0 0 1 1
     76.693314858            1.0000000
1 0 0 1 1
     24.573835091            1.0000000
1 0 0 1 1
      8.4165585072           1.0000000
1 0 0 1 1
      3.0202080356           1.0000000
1 0 0 1 1
      1.3331563617           1.0000000
1 0 0 1 1
      0.81250658727          1.0000000
1 0 0 1 1
      0.36505253662          1.0000000
1 0 0 1 1
      0.11211820118          1.0000000
1 1 1 1 1
     52.854386423            1.0000000
1 1 1 1 1
     15.021795824            1.0000000
1 1 1 1 1
      3.9137719482           1.0000000
1 1 1 1 1
      2.1678840611           1.0000000
1 1 1 1 1
      0.97419243984          1.0000000
1 1 1 1 1
      0.51845615412          1.0000000
1 1 1 1 1
      0.21354459926          1.0000000
1 2 2 1 1
     15.907733132            1.0000000
1 2 2 1 1
      5.3799329215           1.0000000
1 2 2 1 1
      2.9552623921           1.0000000
1 2 2 1 1
      1.1624458997           1.0000000
1 2 2 1 1
      0.50353399421          1.0000000
1 2 2 1 1
      0.16734574676          1.0000000
1 3 3 1 1
      4.6873846701           1.0000000
1 3 3 1 1
      2.1512789489           1.0000000
1 3 3 1 1
      1.0894068169           1.0000000
1 3 3 1 1
      0.40383704543          1.0000000
1 4 4 1 1
      2.3270964878           1.0000000
1 4 4 1 1
      0.78655757162          1.0000000

