 
  kpoint:       1             coordinate:     0.0000    0.0000    0.0000
 
    n           k   ϵ_nk^DFT (eV)     Σ^c_nk (eV)     Σ^x_nk (eV)    v_nk^xc (eV)   ϵ_nk^G0W0 (eV)
 
    1 (occ)     1        -278.320           5.336         -97.021         -70.679         -299.327
    2 (occ)     1        -278.294           5.199         -97.013         -70.692         -299.417
    3 (occ)     1         -21.361           3.627         -25.701         -19.296          -24.139
    4 (occ)     1         -16.325           1.985         -22.373         -17.372          -19.341
    5 (occ)     1         -13.187           1.164         -20.132         -16.081          -16.073
    6 (occ)     1         -11.835           0.949         -21.189         -17.413          -14.662
    7 (occ)     1         -10.025           0.478         -19.347         -15.871          -13.024
    8 (occ)     1          -7.866          -0.358         -16.282         -14.131          -10.375
    9 (vir)     1          -0.097          -1.712          -5.501          -9.350            2.041
   10 (vir)     1           0.119          -0.353          -0.592          -1.667            0.841
   11 (vir)     1           0.546          -0.280          -0.391          -1.221            1.096
   12 (vir)     1           0.614          -0.258          -0.408          -1.222            1.169
   13 (vir)     1           1.345          -0.130          -0.145          -0.548            1.618
   14 (vir)     1           1.561          -0.365          -0.545          -1.716            2.367
   15 (vir)     1           1.980          -0.344          -0.373          -1.468            2.731
   16 (vir)     1           2.483          -0.339          -0.561          -1.473            3.056
   17 (vir)     1           2.720          -0.524          -1.107          -2.414            3.503
   18 (vir)     1           2.723          -0.519          -1.008          -2.318            3.513
   19 (vir)     1           2.804          -0.530          -1.040          -2.420            3.654
   20 (vir)     1           3.398          -0.711          -1.159          -3.250            4.778
   21 (vir)     1           3.719          -0.412          -0.696          -1.879            4.489
   22 (vir)     1           3.871          -0.511          -0.834          -2.217            4.743
   23 (vir)     1           4.421          -0.872          -1.879          -4.224            5.895
   24 (vir)     1           4.474          -0.753          -0.837          -3.028            5.914
   25 (vir)     1           5.583          -0.643          -0.822          -2.631            6.749
   26 (vir)     1           6.292          -0.740          -1.104          -3.053            7.501
   27 (vir)     1           6.330          -0.553          -0.328          -2.059            7.508
   28 (vir)     1           6.714          -0.683          -0.755          -2.675            7.951
   29 (vir)     1           6.789          -0.808          -1.384          -3.472            8.069
   30 (vir)     1           7.493          -0.594          -0.532          -2.288            8.656
   31 (vir)     1           8.185          -0.817          -1.309          -3.323            9.382
   32 (vir)     1           8.253          -1.127          -1.179          -3.553            9.500
   33 (vir)     1           8.585          -0.954          -1.872          -4.249           10.008
   34 (vir)     1           8.638          -0.417          -0.147          -1.576            9.650
   35 (vir)     1           8.683          -0.904          -0.526          -2.879           10.132
   36 (vir)     1           8.713          -1.071          -1.866          -4.235           10.012
   37 (vir)     1           9.383          -0.662          -0.760          -2.778           10.738
   38 (vir)     1           9.491          -1.170          -1.981          -4.585           10.926
   39 (vir)     1           9.739          -0.873          -1.493          -3.758           11.131
   40 (vir)     1           9.917          -0.689          -0.917          -2.894           11.206
   41 (vir)     1          10.250          -0.647          -0.628          -2.674           11.650
   42 (vir)     1          10.447          -0.698          -0.797          -2.656           11.608
   43 (vir)     1          10.605          -0.446          -0.164          -1.801           11.796
   44 (vir)     1          11.520          -1.195          -1.608          -4.256           12.973
   45 (vir)     1          12.335          -0.788          -1.239          -3.323           13.630
   46 (vir)     1          12.975          -1.624          -1.726          -5.104           14.730
   47 (vir)     1          13.259          -1.379          -2.679          -5.753           14.954
   48 (vir)     1          13.741          -0.945          -0.861          -3.354           15.289
   49 (vir)     1          14.651          -1.446          -1.949          -5.203           16.459
   50 (vir)     1          16.690          -0.712          -1.386          -4.318           18.910
   51 (vir)     1          17.044          -1.833          -1.350          -4.796           18.658
   52 (vir)     1          17.546          -2.226          -2.071          -5.724           18.974
   53 (vir)     1          18.353          -1.366          -1.615          -4.950           20.320
   54 (vir)     1          18.851          -1.711          -1.911          -5.482           20.712
   55 (vir)     1          19.543          -1.023          -1.240          -4.118           21.398
   56 (vir)     1          19.643          -1.613          -1.929          -5.910           22.011
   57 (vir)     1          20.569          -2.186          -2.604          -6.776           22.555
   58 (vir)     1          21.208          -2.123          -2.244          -6.664           23.506
   59 (vir)     1          21.402          -1.696          -2.087          -5.733           23.352
   60 (vir)     1          21.432          -0.988          -0.765          -3.656           23.336
   61 (vir)     1          21.540          -1.617          -1.228          -4.551           23.245
   62 (vir)     1          21.991          -1.464          -0.810          -4.238           23.955
   63 (vir)     1          22.041          -1.522          -1.620          -5.171           24.069
   64 (vir)     1          22.567          -1.793          -0.883          -4.510           24.400
   65 (vir)     1          22.610          -0.374          -0.783          -3.742           25.195
   66 (vir)     1          22.870          -1.648          -0.846          -4.406           24.782
   67 (vir)     1          23.811          -1.578          -1.033          -4.707           25.907
   68 (vir)     1          23.860          -2.016          -2.098          -5.947           25.693
   69 (vir)     1          24.116          -1.556          -0.929          -4.393           26.024
   70 (vir)     1          24.300          -2.015          -1.707          -6.158           26.737
   71 (vir)     1          25.966          -0.230          -0.604          -3.729           28.862
   72 (vir)     1          25.977          -1.358          -0.530          -3.712           27.802
   73 (vir)     1          26.159          -1.377          -0.757          -4.263           28.288
   74 (vir)     1          26.195          -1.803          -0.704          -4.292           27.980
   75 (vir)     1          26.687          -1.598          -0.804          -4.171           28.456
   76 (vir)     1          27.110          -1.520          -0.339          -3.651           28.902
   77 (vir)     1          27.359          -1.570          -0.561          -3.852           29.080
   78 (vir)     1          27.561          -1.660          -1.130          -4.923           29.695
   79 (vir)     1          27.799          -1.487          -0.649          -3.935           29.598
   80 (vir)     1          28.198          -1.757          -1.277          -4.853           30.018
   81 (vir)     1          30.130          -2.060          -1.714          -6.154           32.510
   82 (vir)     1          31.347          -2.063          -1.823          -6.264           33.725
   83 (vir)     1          31.933          -2.049          -0.476          -3.827           33.236
   84 (vir)     1          33.185          -0.185          -0.850          -4.561           36.711
   85 (vir)     1          33.654          -2.446          -0.919          -5.322           35.610
   86 (vir)     1          35.304          -1.939          -0.877          -5.098           37.586
   87 (vir)     1          35.479          -2.400          -1.096          -5.645           37.629
   88 (vir)     1          36.325          -1.713          -0.962          -5.169           38.819
   89 (vir)     1          38.020          -3.238          -1.811          -7.230           40.200
   90 (vir)     1          38.285          -3.146          -2.746          -8.542           40.936
   91 (vir)     1          38.321          -2.383          -1.268          -5.754           40.425
   92 (vir)     1          38.841          -2.146          -1.145          -5.983           41.533
   93 (vir)     1          40.407          -3.071          -1.650          -6.970           42.655
   94 (vir)     1          40.973          -2.098          -1.802          -6.970           44.044
   95 (vir)     1          42.048          -2.387          -1.669          -6.712           44.704
   96 (vir)     1          42.986          -2.752          -2.342          -7.944           45.835
   97 (vir)     1          43.411          -3.551          -1.242          -6.188           44.807
   98 (vir)     1          43.589          -3.248          -1.636          -7.254           45.959
   99 (vir)     1          43.831          -2.426          -0.873          -5.082           45.615
  100 (vir)     1          44.722          -2.619          -0.985          -5.840           46.957
  101 (vir)     1          45.659          -2.506          -1.950          -6.913           48.116
  102 (vir)     1          46.932          -3.388          -1.671          -7.340           49.212
  103 (vir)     1          47.528          -3.311          -1.861          -7.756           50.112
  104 (vir)     1          50.841          -3.606          -1.431          -6.738           52.541
  105 (vir)     1          50.856          -2.269          -0.893          -5.764           53.458
  106 (vir)     1          51.291          -3.311          -1.899          -7.719           53.799
  107 (vir)     1          51.369          -2.781          -0.887          -5.990           53.690
  108 (vir)     1          51.840          -3.653          -1.115          -6.741           53.813
  109 (vir)     1          52.237           0.201          -1.685          -7.150           57.904
  110 (vir)     1          55.672          -0.498          -0.866          -5.525           59.833
  111 (vir)     1          56.425          -4.351          -2.905          -9.225           58.395
  112 (vir)     1          57.143          -1.865          -0.563          -5.070           59.786
  113 (vir)     1          58.310          -2.820          -0.960          -6.426           60.956
  114 (vir)     1          60.304          -3.805          -1.251          -7.079           62.327
  115 (vir)     1          62.499          -4.405          -2.607          -9.530           65.017
  116 (vir)     1          65.002          -4.188          -2.161          -8.787           67.440
  117 (vir)     1          69.690          -6.269          -3.566         -12.192           72.046
  118 (vir)     1          73.868          -5.522          -3.255         -11.961           77.053
  119 (vir)     1          74.009          -3.772          -2.201         -10.202           78.238
  120 (vir)     1          79.413          -5.243          -3.114         -11.988           83.044
  121 (vir)     1          80.074          -4.453          -3.051         -11.319           83.889
  122 (vir)     1          80.318          -4.508          -3.232         -11.965           84.543
  123 (vir)     1          80.998          -4.358          -2.103         -10.356           84.894
  124 (vir)     1          81.193          -4.286          -2.777         -11.456           85.586
  125 (vir)     1          83.182          -4.313          -1.745          -9.425           86.548
  126 (vir)     1          84.832          -3.643          -2.397         -10.926           89.718
  127 (vir)     1          85.860          -3.421          -2.156         -10.494           90.777
  128 (vir)     1          86.226          -2.552          -2.296         -10.778           92.156
  129 (vir)     1          86.342          -3.936          -2.817         -11.440           91.029
  130 (vir)     1          88.811          -4.777          -2.705         -11.246           92.575
  131 (vir)     1          89.660          -3.836          -2.923         -11.786           94.688
  132 (vir)     1          89.869          -3.764          -2.490         -10.877           94.492
  133 (vir)     1          92.362          -1.025          -1.852         -10.316           99.802
  134 (vir)     1          92.468          -4.155          -2.236         -10.783           96.860
  135 (vir)     1          93.000          -2.363          -1.867         -10.366           99.135
  136 (vir)     1          93.556          -3.347          -3.005         -11.747           98.951
  137 (vir)     1          94.862          -1.597          -1.976         -10.322          101.611
  138 (vir)     1          96.011          -3.145          -2.601         -11.264          101.530
  139 (vir)     1          96.022          -0.238          -3.379         -12.389          104.794
  140 (vir)     1          97.030          -3.062          -2.225         -10.908          102.650
  141 (vir)     1         100.469           2.222          -1.190          -8.988          110.489
  142 (vir)     1         100.503           3.822          -2.429         -11.161          113.056
  143 (vir)     1         102.299          -3.647          -2.596         -11.608          107.664
  144 (vir)     1         102.861          -3.074          -3.107         -12.275          108.955
  145 (vir)     1         103.261          -1.064          -1.610          -9.891          110.479
  146 (vir)     1         104.819           2.024          -1.657          -9.887          115.073
  147 (vir)     1         106.651           3.440          -1.802         -10.373          118.662
  148 (vir)     1         108.515           0.910          -1.220          -9.285          117.491
  149 (vir)     1         109.223          -1.588          -1.602         -10.300          116.333
  150 (vir)     1         110.446           0.761          -1.475         -10.030          119.763
  151 (vir)     1         110.492          -2.314          -1.894         -10.557          116.842
  152 (vir)     1         114.196           1.896          -1.278          -9.749          124.563
  153 (vir)     1         115.167          -4.680          -2.557         -12.006          119.936
  154 (vir)     1         115.469           1.966          -1.877         -10.678          126.236
  155 (vir)     1         116.700           1.892          -1.113          -9.163          126.642
  156 (vir)     1         119.531           2.375          -1.255          -9.614          130.265
  157 (vir)     1         119.536           2.514          -1.143          -9.331          130.237
  158 (vir)     1         122.441           2.559          -1.622         -10.437          133.816
  159 (vir)     1         124.590           2.677          -1.634         -10.497          136.130
  160 (vir)     1         125.033           2.607          -2.687         -12.405          137.358
  161 (vir)     1         125.523          -1.346          -1.661         -11.003          133.519
  162 (vir)     1         126.058           2.320          -1.009          -9.130          136.499
  163 (vir)     1         126.313           1.375          -1.421         -10.255          136.522
  164 (vir)     1         128.972          -0.101          -1.270          -9.804          137.405
  165 (vir)     1         131.813           2.912          -1.350          -9.989          143.363
  166 (vir)     1         133.754          -1.665          -3.614         -14.006          142.480
  167 (vir)     1         133.823           1.568          -1.527         -10.857          144.721
  168 (vir)     1         135.072          -0.385          -0.999          -9.093          142.781
  169 (vir)     1         135.372           2.324          -1.123          -9.412          145.985
  170 (vir)     1         136.205           2.548          -1.508         -10.340          147.585
  171 (vir)     1         140.251           1.516          -1.171          -9.972          150.567
  172 (vir)     1         142.300           3.755          -3.537         -13.648          156.166
  173 (vir)     1         142.460           1.573          -1.404         -10.810          153.439
  174 (vir)     1         142.544           2.636          -1.467         -10.321          154.034
  175 (vir)     1         144.329           2.403          -1.063          -9.561          155.230
  176 (vir)     1         153.517          -2.138          -1.423         -10.639          160.597
  177 (vir)     1         155.119           2.399          -1.995         -12.246          167.770
  178 (vir)     1         165.520           2.386          -1.557         -11.404          177.752
  179 (vir)     1         168.722          -2.244          -1.689         -11.767          176.556
  180 (vir)     1         171.078           2.174          -2.344         -12.705          183.613
  181 (vir)     1         173.475          -0.312          -1.581         -11.372          182.955
  182 (vir)     1         179.584           1.192          -1.432         -11.630          190.974
  183 (vir)     1         434.778           0.695         -14.018         -34.710          456.165
  184 (vir)     1         444.996           1.764         -15.397         -37.415          468.779
 
