#
H cc-DZVP-all
3
1 0 0 3 1
     13.0100000              0.0196850        
      1.9620000              0.1379770        
      0.4446000              0.4781480        
1 0 0 1 1
      0.1220000              1.0000000        
1 1 1 1 1
      0.7270000              1.0000000      
#  
O cc-DZVP-all
5
1 0 0 8 1
  11720.0000000              0.0007100             -0.0001600        
   1759.0000000              0.0054700             -0.0012630        
    400.8000000              0.0278370             -0.0062670        
    113.7000000              0.1048000             -0.0257160        
     37.0300000              0.2830620             -0.0709240        
     13.2700000              0.4487190             -0.1654110        
      5.0250000              0.2709520             -0.1169550        
      1.0130000              0.0154580              0.5573680        
1 0 0 1 1
      0.3023000              1.0000000        
1 1 1 3 1
     17.7000000              0.0430180        
      3.8540000              0.2289130        
      1.0460000              0.5087280        
1 1 1 1 1
      0.2753000              1.0000000        
1 2 2 1 1
      1.1850000              1.0000000        
#
H cc-TZVP-all
6
1 0 0 3 1
     33.8700000              0.0060680        
      5.0950000              0.0453080        
      1.1590000              0.2028220        
1 0 0 1 1
      0.3258000              1.0000000        
1 0 0 1 1
      0.1027000              1.0000000        
1 1 1 1 1
      1.4070000              1.0000000        
1 1 1 1 1
      0.3880000              1.0000000        
1 2 2 1 1
      1.0570000              1.0000000      
#  
O cc-TZVP-all
9
1 0 0 8 1
  15330.0000000              0.0005080             -0.0001150        
   2299.0000000              0.0039290             -0.0008950        
    522.4000000              0.0202430             -0.0046360        
    147.3000000              0.0791810             -0.0187240        
     47.5500000              0.2306870             -0.0584630        
     16.7600000              0.4331180             -0.1364630        
      6.2070000              0.3502600             -0.1757400        
      0.6882000             -0.0081540              0.6034180        
1 0 0 1 1
      1.7520000              1.0000000        
1 0 0 1 1
      0.2384000              1.0000000        
1 1 1 3 1
     34.4600000              0.0159280        
      7.7490000              0.0997400        
      2.2800000              0.3104920        
1 1 1 1 1
      0.7156000              1.0000000        
1 1 1 1 1
      0.2140000              1.0000000        
1 2 2 1 1
      2.3140000              1.0000000        
1 2 2 1 1
      0.6450000              1.0000000        
1 3 3 1 1
      1.4280000              1.0000000        
#
H cc-QZVP-all
10
1 0 0 3 1
     82.6400000              0.0020060        
     12.4100000              0.0153430        
      2.8240000              0.0755790        
1 0 0 1 1
      0.7977000              1.0000000        
1 0 0 1 1
      0.2581000              1.0000000        
1 0 0 1 1
      0.0898900              1.0000000        
1 1 1 1 1
      2.2920000              1.0000000        
1 1 1 1 1
      0.8380000              1.0000000        
1 1 1 1 1
      0.2920000              1.0000000        
1 2 2 1 1
      2.0620000              1.0000000        
1 2 2 1 1
      0.6620000              1.0000000        
1 3 3 1 1
      1.3970000              1.0000000        
#
O cc-QZVP-all
14
1 0 0 9 1
  61420.0000000              0.0000900             -0.0000200        
   9199.0000000              0.0006980             -0.0001590        
   2091.0000000              0.0036640             -0.0008290        
    590.9000000              0.0152180             -0.0035080        
    192.3000000              0.0524230             -0.0121560        
     69.3200000              0.1459210             -0.0362610        
     26.9700000              0.3052580             -0.0829920        
     11.1000000              0.3985080             -0.1520900        
      4.6820000              0.2169800             -0.1153310        
1 0 0 1 1
      1.4280000              1.0000000        
1 0 0 1 1
      0.5547000              1.0000000        
1 0 0 1 1
      0.2067000              1.0000000        
1 1 1 3 1
     63.4200000              0.0060440        
     14.6600000              0.0417990        
      4.4590000              0.1611430        
1 1 1 1 1
      1.5310000              1.0000000        
1 1 1 1 1
      0.5302000              1.0000000        
1 1 1 1 1
      0.1750000              1.0000000        
1 2 2 1 1
      3.7750000              1.0000000        
1 2 2 1 1
      1.3000000              1.0000000        
1 2 2 1 1
      0.4440000              1.0000000        
1 3 3 1 1
      2.6660000              1.0000000        
1 3 3 1 1
      0.8590000              1.0000000        
1 4 4 1 1
      1.8460000              1.0000000        
#
H cc-5ZVP-all
15
1 0 0 4 1
    402.0000000              0.0002790        
     60.2400000              0.0021650        
     13.7300000              0.0112010        
      3.9050000              0.0448780        
1 0 0 1 1
      1.2830000              1.0000000        
1 0 0 1 1
      0.4655000              1.0000000        
1 0 0 1 1
      0.1811000              1.0000000        
1 0 0 1 1
      0.0727900              1.0000000        
1 1 1 1 1
      4.5160000              1.0000000        
1 1 1 1 1
      1.7120000              1.0000000        
1 1 1 1 1
      0.6490000              1.0000000        
1 1 1 1 1
      0.2460000              1.0000000        
1 2 2 1 1
      2.9500000              1.0000000        
1 2 2 1 1
      1.2060000              1.0000000        
1 2 2 1 1
      0.4930000              1.0000000        
1 3 3 1 1
      2.5060000              1.0000000        
1 3 3 1 1
      0.8750000              1.0000000        
1 4 4 1 1
      2.3580000              1.0000000        
#
O cc-5ZVP-all
20
1 0 0 10 1
 164200.0000000              0.0000260             -0.0000060        
  24590.0000000              0.0002050             -0.0000460        
   5592.0000000              0.0010760             -0.0002440        
   1582.0000000              0.0045220             -0.0010310        
    516.1000000              0.0161080             -0.0036880        
    187.2000000              0.0490850             -0.0115140        
     73.9300000              0.1248570             -0.0304350        
     31.2200000              0.2516860             -0.0681470        
     13.8100000              0.3624200             -0.1203680        
      6.2560000              0.2790510             -0.1482600        
1 0 0 1 1
      2.7760000              1.0000000        
1 0 0 1 1
      1.1380000              1.0000000        
1 0 0 1 1
      0.4600000              1.0000000        
1 0 0 1 1
      0.1829000              1.0000000        
1 1 1 4 1
    195.5000000              0.0009180        
     46.1600000              0.0073880        
     14.5800000              0.0349580        
      5.2960000              0.1154310        
1 1 1 1 1
      2.0940000              1.0000000        
1 1 1 1 1
      0.8471000              1.0000000        
1 1 1 1 1
      0.3368000              1.0000000        
1 1 1 1 1
      0.1285000              1.0000000        
1 2 2 1 1
      5.8790000              1.0000000        
1 2 2 1 1
      2.3070000              1.0000000        
1 2 2 1 1
      0.9050000              1.0000000        
1 2 2 1 1
      0.3550000              1.0000000        
1 3 3 1 1
      4.0160000              1.0000000        
1 3 3 1 1
      1.5540000              1.0000000        
1 3 3 1 1
      0.6010000              1.0000000        
1 4 4 1 1
      3.3500000              1.0000000        
1 4 4 1 1
      1.1890000              1.0000000        
1 5 5 1 1
      2.3190000              1.0000000        
#
