#----------------------------------------------------------------------
# Basis Set Exchange
# Version v0.9.1
# https://www.basissetexchange.org
#----------------------------------------------------------------------
#   Basis set: cc-pVQZ
# Description: cc-pVQZ
#        Role: orbital
#     Version: 1  (Data from ccRepo/Grant Hill)
#----------------------------------------------------------------------


# Hydrogen cc-pVQZ (6s,3p,2d,1f) -> [4s,3p,2d,1f]
H cc-pVQZ
    4
1 0 0 6 4
      8.264000E+01           0.000000E+00           0.000000E+00           2.006000E-03           0.000000E+00
      1.241000E+01           0.000000E+00           0.000000E+00           1.534300E-02           0.000000E+00
      2.824000E+00           0.000000E+00           0.000000E+00           7.557900E-02           0.000000E+00
      7.977000E-01           1.000000E+00           0.000000E+00           2.568750E-01           0.000000E+00
      2.581000E-01           0.000000E+00           1.000000E+00           4.973680E-01           0.000000E+00
      8.989000E-02           0.000000E+00           0.000000E+00           2.961330E-01           1.000000E+00
1 1 1 3 3
      2.292000E+00           1.000000E+00           0.000000E+00           0.000000E+00
      8.380000E-01           0.000000E+00           1.000000E+00           0.000000E+00
      2.920000E-01           0.000000E+00           0.000000E+00           1.000000E+00
1 2 2 2 2
      2.062000E+00           1.000000E+00           0.000000E+00
      6.620000E-01           0.000000E+00           1.000000E+00
1 3 3 1 1
      1.397000E+00           1.0000000

# Carbon cc-pVQZ (12s,6p,3d,2f,1g) -> [5s,4p,3d,2f,1g]
C cc-pVQZ
    5
1 0 0 12 5
      3.398000E+04           9.100000E-05           0.000000E+00           0.000000E+00          -1.900000E-05           0.000000E+00
      5.089000E+03           7.040000E-04           0.000000E+00           0.000000E+00          -1.510000E-04           0.000000E+00
      1.157000E+03           3.693000E-03           0.000000E+00           0.000000E+00          -7.850000E-04           0.000000E+00
      3.266000E+02           1.536000E-02           0.000000E+00           0.000000E+00          -3.324000E-03           0.000000E+00
      1.061000E+02           5.292900E-02           0.000000E+00           0.000000E+00          -1.151200E-02           0.000000E+00
      3.811000E+01           1.470430E-01           0.000000E+00           0.000000E+00          -3.416000E-02           0.000000E+00
      1.475000E+01           3.056310E-01           0.000000E+00           0.000000E+00          -7.717300E-02           0.000000E+00
      6.035000E+00           3.993450E-01           0.000000E+00           0.000000E+00          -1.414930E-01           0.000000E+00
      2.530000E+00           2.170510E-01           0.000000E+00           0.000000E+00          -1.180190E-01           0.000000E+00
      7.355000E-01           1.589400E-02           1.000000E+00           0.000000E+00           2.738060E-01           0.000000E+00
      2.905000E-01          -3.084000E-03           0.000000E+00           1.000000E+00           5.865100E-01           0.000000E+00
      1.111000E-01           9.780000E-04           0.000000E+00           0.000000E+00           2.854300E-01           1.000000E+00
1 1 1 6 4
      3.451000E+01           0.000000E+00           5.378000E-03           0.000000E+00           0.000000E+00
      7.915000E+00           0.000000E+00           3.613200E-02           0.000000E+00           0.000000E+00
      2.368000E+00           0.000000E+00           1.424930E-01           0.000000E+00           0.000000E+00
      8.132000E-01           1.000000E+00           3.421500E-01           0.000000E+00           0.000000E+00
      2.890000E-01           0.000000E+00           4.638640E-01           1.000000E+00           0.000000E+00
      1.007000E-01           0.000000E+00           2.500280E-01           0.000000E+00           1.000000E+00
1 2 2 3 3
      1.848000E+00           1.000000E+00           0.000000E+00           0.000000E+00
      6.490000E-01           0.000000E+00           1.000000E+00           0.000000E+00
      2.280000E-01           0.000000E+00           0.000000E+00           1.000000E+00
1 3 3 2 2
      1.419000E+00           1.000000E+00           0.000000E+00
      4.850000E-01           0.000000E+00           1.000000E+00
1 4 4 1 1
      1.011000E+00           1.0000000

# Nitrogen cc-pVQZ (12s,6p,3d,2f,1g) -> [5s,4p,3d,2f,1g]
N cc-pVQZ
    5
1 0 0 12 5
      4.584000E+04           9.200000E-05           0.000000E+00           0.000000E+00          -2.000000E-05           0.000000E+00
      6.868000E+03           7.170000E-04           0.000000E+00           0.000000E+00          -1.590000E-04           0.000000E+00
      1.563000E+03           3.749000E-03           0.000000E+00           0.000000E+00          -8.240000E-04           0.000000E+00
      4.424000E+02           1.553200E-02           0.000000E+00           0.000000E+00          -3.478000E-03           0.000000E+00
      1.443000E+02           5.314600E-02           0.000000E+00           0.000000E+00          -1.196600E-02           0.000000E+00
      5.218000E+01           1.467870E-01           0.000000E+00           0.000000E+00          -3.538800E-02           0.000000E+00
      2.034000E+01           3.046630E-01           0.000000E+00           0.000000E+00          -8.007700E-02           0.000000E+00
      8.381000E+00           3.976840E-01           0.000000E+00           0.000000E+00          -1.467220E-01           0.000000E+00
      3.529000E+00           2.176410E-01           0.000000E+00           0.000000E+00          -1.163600E-01           0.000000E+00
      1.054000E+00           1.696300E-02           1.000000E+00           0.000000E+00           2.799190E-01           0.000000E+00
      4.118000E-01          -2.745000E-03           0.000000E+00           1.000000E+00           5.854810E-01           0.000000E+00
      1.552000E-01           9.530000E-04           0.000000E+00           0.000000E+00           2.840280E-01           1.000000E+00
1 1 1 6 4
      4.933000E+01           0.000000E+00           5.533000E-03           0.000000E+00           0.000000E+00
      1.137000E+01           0.000000E+00           3.796200E-02           0.000000E+00           0.000000E+00
      3.435000E+00           0.000000E+00           1.490280E-01           0.000000E+00           0.000000E+00
      1.182000E+00           1.000000E+00           3.489220E-01           0.000000E+00           0.000000E+00
      4.173000E-01           0.000000E+00           4.589720E-01           1.000000E+00           0.000000E+00
      1.428000E-01           0.000000E+00           2.449230E-01           0.000000E+00           1.000000E+00
1 2 2 3 3
      2.837000E+00           1.000000E+00           0.000000E+00           0.000000E+00
      9.680000E-01           0.000000E+00           1.000000E+00           0.000000E+00
      3.350000E-01           0.000000E+00           0.000000E+00           1.000000E+00
1 3 3 2 2
      2.027000E+00           1.000000E+00           0.000000E+00
      6.850000E-01           0.000000E+00           1.000000E+00
1 4 4 1 1
      1.427000E+00           1.0000000

# Oxygen cc-pVQZ (12s,6p,3d,2f,1g) -> [5s,4p,3d,2f,1g]
O cc-pVQZ
    5
1 0 0 12 5
      6.142000E+04           9.000000E-05           0.000000E+00           0.000000E+00          -2.000000E-05           0.000000E+00
      9.199000E+03           6.980000E-04           0.000000E+00           0.000000E+00          -1.590000E-04           0.000000E+00
      2.091000E+03           3.664000E-03           0.000000E+00           0.000000E+00          -8.290000E-04           0.000000E+00
      5.909000E+02           1.521800E-02           0.000000E+00           0.000000E+00          -3.508000E-03           0.000000E+00
      1.923000E+02           5.242300E-02           0.000000E+00           0.000000E+00          -1.215600E-02           0.000000E+00
      6.932000E+01           1.459210E-01           0.000000E+00           0.000000E+00          -3.626100E-02           0.000000E+00
      2.697000E+01           3.052580E-01           0.000000E+00           0.000000E+00          -8.299200E-02           0.000000E+00
      1.110000E+01           3.985080E-01           0.000000E+00           0.000000E+00          -1.520900E-01           0.000000E+00
      4.682000E+00           2.169800E-01           0.000000E+00           0.000000E+00          -1.153310E-01           0.000000E+00
      1.428000E+00           1.759400E-02           1.000000E+00           0.000000E+00           2.889790E-01           0.000000E+00
      5.547000E-01          -2.502000E-03           0.000000E+00           1.000000E+00           5.861280E-01           0.000000E+00
      2.067000E-01           9.540000E-04           0.000000E+00           0.000000E+00           2.776240E-01           1.000000E+00
1 1 1 6 4
      6.342000E+01           0.000000E+00           6.044000E-03           0.000000E+00           0.000000E+00
      1.466000E+01           0.000000E+00           4.179900E-02           0.000000E+00           0.000000E+00
      4.459000E+00           0.000000E+00           1.611430E-01           0.000000E+00           0.000000E+00
      1.531000E+00           1.000000E+00           3.567310E-01           0.000000E+00           0.000000E+00
      5.302000E-01           0.000000E+00           4.483090E-01           1.000000E+00           0.000000E+00
      1.750000E-01           0.000000E+00           2.449400E-01           0.000000E+00           1.000000E+00
1 2 2 3 3
      3.775000E+00           1.000000E+00           0.000000E+00           0.000000E+00
      1.300000E+00           0.000000E+00           1.000000E+00           0.000000E+00
      4.440000E-01           0.000000E+00           0.000000E+00           1.000000E+00
1 3 3 2 2
      2.666000E+00           1.000000E+00           0.000000E+00
      8.590000E-01           0.000000E+00           1.000000E+00
1 4 4 1 1
      1.846000E+00           1.0000000


# Hydrogen cc-pVQZ-JKFIT (4s,3p,3d,2f,1g) -> [4s,3p,3d,2f,1g]
H cc-pVQZ-JKFIT
    13
1 0 0 1 1
      9.5302493327           1.0000000
1 0 0 1 1
      1.9174506246           1.0000000
1 0 0 1 1
      0.68424049142          1.0000000
1 0 0 1 1
      0.28413255710          1.0000000
1 1 1 1 1
      2.9133232035           1.0000000
1 1 1 1 1
      1.2621205398           1.0000000
1 1 1 1 1
      0.50199775874          1.0000000
1 2 2 1 1
      2.8832083931           1.0000000
1 2 2 1 1
      1.2801701725           1.0000000
1 2 2 1 1
      0.52511317770          1.0000000
1 3 3 1 1
      2.7489448439           1.0000000
1 3 3 1 1
      1.1900885456           1.0000000
1 4 4 1 1
      1.4752662714           1.0000000

# Carbon cc-pVQZ-JKFIT (10s,7p,5d,3f,2g,1h) -> [10s,7p,5d,3f,2g,1h]
C cc-pVQZ-JKFIT
    28
1 0 0 1 1
   1113.9867719              1.0000000
1 0 0 1 1
    369.16234180             1.0000000
1 0 0 1 1
    121.79275232             1.0000000
1 0 0 1 1
     48.127114540            1.0000000
1 0 0 1 1
     20.365074004            1.0000000
1 0 0 1 1
      8.0883596856           1.0000000
1 0 0 1 1
      2.5068656570           1.0000000
1 0 0 1 1
      1.2438537380           1.0000000
1 0 0 1 1
      0.48449899601          1.0000000
1 0 0 1 1
      0.19185160296          1.0000000
1 1 1 1 1
    102.99176249             1.0000000
1 1 1 1 1
     28.132594009            1.0000000
1 1 1 1 1
      9.8364318173           1.0000000
1 1 1 1 1
      3.3490544980           1.0000000
1 1 1 1 1
      1.4947618613           1.0000000
1 1 1 1 1
      0.57690108899          1.0000000
1 1 1 1 1
      0.20320063291          1.0000000
1 2 2 1 1
     10.594068356            1.0000000
1 2 2 1 1
      3.5997195366           1.0000000
1 2 2 1 1
      1.3355691094           1.0000000
1 2 2 1 1
      0.51949764954          1.0000000
1 2 2 1 1
      0.19954125200          1.0000000
1 3 3 1 1
      1.95390000000000000000 1.0000000
1 3 3 1 1
       .75490000000000000000 1.0000000
1 3 3 1 1
       .33390000000000000000 1.0000000
1 4 4 1 1
      1.52490000000000000000 1.0000000
1 4 4 1 1
       .59090000000000000000 1.0000000
1 5 5 1 1
      1.11690000000000000000 1.0000000

# Nitrogen cc-pVQZ-JKFIT (10s,7p,5d,3f,2g,1h) -> [10s,7p,5d,3f,2g,1h]
N cc-pVQZ-JKFIT
    28
1 0 0 1 1
   1102.8622453              1.0000000
1 0 0 1 1
    370.98041153             1.0000000
1 0 0 1 1
    136.73555938             1.0000000
1 0 0 1 1
     50.755871924            1.0000000
1 0 0 1 1
     20.535656095            1.0000000
1 0 0 1 1
      7.8318737184           1.0000000
1 0 0 1 1
      3.4784063855           1.0000000
1 0 0 1 1
      1.4552856603           1.0000000
1 0 0 1 1
      0.63068989071          1.0000000
1 0 0 1 1
      0.27276596483          1.0000000
1 1 1 1 1
     93.540954073            1.0000000
1 1 1 1 1
     29.524019527            1.0000000
1 1 1 1 1
     10.917502987            1.0000000
1 1 1 1 1
      4.3449288991           1.0000000
1 1 1 1 1
      1.8216912640           1.0000000
1 1 1 1 1
      0.75792424494          1.0000000
1 1 1 1 1
      0.28241469033          1.0000000
1 2 2 1 1
     16.419378926            1.0000000
1 2 2 1 1
      5.0104049385           1.0000000
1 2 2 1 1
      1.9793971884           1.0000000
1 2 2 1 1
      0.78495771518          1.0000000
1 2 2 1 1
      0.28954065963          1.0000000
1 3 3 1 1
      2.98600000000000000000 1.0000000
1 3 3 1 1
      1.11700000000000000000 1.0000000
1 3 3 1 1
       .48400000000000000000 1.0000000
1 4 4 1 1
      2.17600000000000000000 1.0000000
1 4 4 1 1
       .83400000000000000000 1.0000000
1 5 5 1 1
      1.57600000000000000000 1.0000000

# Oxygen cc-pVQZ-JKFIT (10s,7p,5d,3f,2g,1h) -> [10s,7p,5d,3f,2g,1h]
O cc-pVQZ-JKFIT
    28
1 0 0 1 1
   1517.8667506              1.0000000
1 0 0 1 1
    489.67952008             1.0000000
1 0 0 1 1
    176.72118665             1.0000000
1 0 0 1 1
     63.792233137            1.0000000
1 0 0 1 1
     25.366499130            1.0000000
1 0 0 1 1
      9.9135491200           1.0000000
1 0 0 1 1
      4.4645306584           1.0000000
1 0 0 1 1
      1.8017743661           1.0000000
1 0 0 1 1
      0.80789710965          1.0000000
1 0 0 1 1
      0.33864326862          1.0000000
1 1 1 1 1
    120.16030921             1.0000000
1 1 1 1 1
     34.409622474            1.0000000
1 1 1 1 1
     12.581148610            1.0000000
1 1 1 1 1
      5.0663824249           1.0000000
1 1 1 1 1
      2.0346927092           1.0000000
1 1 1 1 1
      0.86092967212          1.0000000
1 1 1 1 1
      0.36681356726          1.0000000
1 2 2 1 1
     19.043062805            1.0000000
1 2 2 1 1
      5.8060381104           1.0000000
1 2 2 1 1
      2.1891841580           1.0000000
1 2 2 1 1
      0.87794613558          1.0000000
1 2 2 1 1
      0.35623646700          1.0000000
1 3 3 1 1
      3.96585000000000000000 1.0000000
1 3 3 1 1
      1.49085000000000000000 1.0000000
1 3 3 1 1
       .63485000000000000000 1.0000000
1 4 4 1 1
      2.85685000000000000000 1.0000000
1 4 4 1 1
      1.04985000000000000000 1.0000000
1 5 5 1 1
      2.03685000000000000000 1.0000000

